           X Spline Natural      Error
1  0.6200000       2.500000  0.0000000
2  0.6682072       2.655493 -0.1052357
3  0.7218564       2.808835 -0.2027214
4  0.7863895       2.957875 -0.2847927
5  0.8672487       3.100462 -0.3440197
6  0.9698758       3.234444 -0.3735085
7  1.0997128       3.357670 -0.3674927
8  1.2622017       3.467990 -0.3224250
9  1.4627846       3.563253 -0.2388816
10 1.7069033       3.641306 -0.1247096
11 2.0000000       3.700000  0.0000000
           X Spline MonoH.FC      Error
1  0.6200000        2.500000  0.0000000
2  0.6682072        2.655493 -0.1052357
3  0.7218564        2.808835 -0.2027214
4  0.7863895        2.957875 -0.2847927
5  0.8672487        3.100462 -0.3440197
6  0.9698758        3.234444 -0.3735085
7  1.0997128        3.357670 -0.3674927
8  1.2622017        3.467990 -0.3224250
9  1.4627846        3.563253 -0.2388816
10 1.7069033        3.641306 -0.1247096
11 2.0000000        3.700000  0.0000000
          X Spline Natural       Error
1  2.000000       3.700000  0.00000000
2  2.344695       3.738634  0.09982011
3  2.732319       3.762312  0.14613806
4  3.151384       3.777590  0.13141764
5  3.590398       3.791024  0.06735060
6  4.037873       3.809169 -0.02048329
7  4.482318       3.838580 -0.10065457
8  4.912243       3.885813 -0.14508666
9  5.316158       3.957424 -0.13775807
10 5.682574       4.059968 -0.08128651
11 6.000000       4.200000  0.00000000
          X Spline MonoH.FC       Error
1  2.000000        3.700000  0.00000000
2  2.344695        3.738634  0.09982011
3  2.732319        3.762312  0.14613806
4  3.151384        3.777590  0.13141764
5  3.590398        3.791024  0.06735060
6  4.037873        3.809169 -0.02048329
7  4.482318        3.838580 -0.10065457
8  4.912243        3.885813 -0.14508666
9  5.316158        3.957424 -0.13775807
10 5.682574        4.059968 -0.08128651
11 6.000000        4.200000  0.00000000
          X Spline Natural         Error
1  6.000000       4.200000  0.000000e+00
2  6.260995       4.381662  6.485739e-02
3  6.474307       4.599437  8.526421e-02
4  6.652736       4.845394  5.821173e-02
5  6.809079       5.111603 -5.028379e-03
6  6.956133       5.390132 -8.581058e-02
7  7.106697       5.673050 -1.619292e-01
8  7.273568       5.952427 -2.100487e-01
9  7.469543       6.220332 -2.081411e-01
10 7.707421       6.468833 -1.394428e-01
11 8.000000       6.690000 -8.881784e-16
          X Spline MonoH.FC         Error
1  6.000000        4.200000  0.000000e+00
2  6.260995        4.381662  6.485739e-02
3  6.474307        4.599437  8.526421e-02
4  6.652736        4.845394  5.821173e-02
5  6.809079        5.111603 -5.028379e-03
6  6.956133        5.390132 -8.581058e-02
7  7.106697        5.673050 -1.619292e-01
8  7.273568        5.952427 -2.100487e-01
9  7.469543        6.220332 -2.081411e-01
10 7.707421        6.468833 -1.394428e-01
11 8.000000        6.690000 -8.881784e-16
           X Spline Natural         Error
1   8.000000       6.690000  0.000000e+00
2   8.356327       6.876948  1.888995e-01
3   8.770451       7.026980  3.867082e-01
4   9.232671       7.138443  5.566857e-01
5   9.733286       7.209685  6.713586e-01
6  10.262594       7.239054  7.141091e-01
7  10.810895       7.224900  6.795816e-01
8  11.368487       7.165569  5.730605e-01
9  11.925669       7.059410  4.090303e-01
10 12.472741       6.904771  2.091632e-01
11 13.000000       6.700000 -8.881784e-16
           X Spline MonoH.FC         Error
1   8.000000        6.690000  0.000000e+00
2   8.356327        6.876948  1.888995e-01
3   8.770451        7.026980  3.867082e-01
4   9.232671        7.138443  5.566857e-01
5   9.733286        7.209685  6.713586e-01
6  10.262594        7.239054  7.141091e-01
7  10.810895        7.224900  6.795816e-01
8  11.368487        7.165569  5.730605e-01
9  11.925669        7.059410  4.090303e-01
10 12.472741        6.904771  2.091632e-01
11 13.000000        6.700000 -8.881784e-16
          X Spline Natural      Error
1  13.00000       6.700000  0.0000000
2  13.49970       6.446364 -0.1901399
3  13.97189       6.156803 -0.3392685
4  14.41858       5.847175 -0.4359490
5  14.84178       5.533338 -0.4772036
6  15.24349       5.231151 -0.4664028
7  15.62572       4.956471 -0.4115310
8  15.99048       4.725158 -0.3237674
9  16.33978       4.553070 -0.2163295
10 16.67562       4.456064 -0.1035293
11 17.00000       4.450000  0.0000000
          X Spline MonoH.FC      Error
1  13.00000        6.700000  0.0000000
2  13.49970        6.446364 -0.1901399
3  13.97189        6.156803 -0.3392685
4  14.41858        5.847175 -0.4359490
5  14.84178        5.533338 -0.4772036
6  15.24349        5.231151 -0.4664028
7  15.62572        4.956471 -0.4115310
8  15.99048        4.725158 -0.3237674
9  16.33978        4.553070 -0.2163295
10 16.67562        4.456064 -0.1035293
11 17.00000        4.450000  0.0000000
          X Spline Natural      Error
1  17.00000       4.450000 0.00000000
2  17.31488       4.544855 0.08138067
3  17.62200       4.727088 0.13549528
4  17.92301       4.977278 0.16243898
5  18.21960       5.276004 0.16534467
6  18.51345       5.603843 0.14938986
7  18.80621       5.941375 0.12089045
8  19.09958       6.269178 0.08644645
9  19.39521       6.567831 0.05210548
10 19.69480       6.817912 0.02251080
11 20.00000       7.000000 0.00000000
          X Spline MonoH.FC      Error
1  17.00000        4.450000 0.00000000
2  17.31488        4.544855 0.08138067
3  17.62200        4.727088 0.13549528
4  17.92301        4.977278 0.16243898
5  18.21960        5.276004 0.16534467
6  18.51345        5.603843 0.14938986
7  18.80621        5.941375 0.12089045
8  19.09958        6.269178 0.08644645
9  19.39521        6.567831 0.05210548
10 19.69480        6.817912 0.02251080
11 20.00000        7.000000 0.00000000
          X Spline Natural         Error
1  20.00000       7.000000  0.000000e+00
2  20.31177       7.099965 -1.672077e-02
3  20.62813       7.124843 -3.166454e-02
4  20.94637       7.086962 -4.631444e-02
5  21.26381       6.998647 -5.957164e-02
6  21.57773       6.872228 -6.887012e-02
7  21.88543       6.720030 -7.130986e-02
8  22.18421       6.554381 -6.474209e-02
9  22.47136       6.387608 -4.874350e-02
10 22.74420       6.232039 -2.542149e-02
11 23.00000       6.100000  1.776357e-15
          X Spline MonoH.FC         Error
1  20.00000        7.000000  0.000000e+00
2  20.31177        7.099965 -1.672077e-02
3  20.62813        7.124843 -3.166454e-02
4  20.94637        7.086962 -4.631444e-02
5  21.26381        6.998647 -5.957164e-02
6  21.57773        6.872228 -6.887012e-02
7  21.88543        6.720030 -7.130986e-02
8  22.18421        6.554381 -6.474209e-02
9  22.47136        6.387608 -4.874350e-02
10 22.74420        6.232039 -2.542149e-02
11 23.00000        6.100000  1.776357e-15
          X Spline Natural        Error
1  23.00000       6.100000  0.000000000
2  23.23705       6.000904  0.020226197
3  23.45750       5.932498  0.031862683
4  23.66450       5.889615  0.034428283
5  23.86117       5.867087  0.028987906
6  24.05065       5.859747  0.017760120
7  24.23609       5.862427  0.003816218
8  24.42060       5.869960 -0.009155156
9  24.60733       5.877178 -0.017040599
10 24.79942       5.878914 -0.015472763
11 25.00000       5.870000  0.000000000
          X Spline MonoH.FC        Error
1  23.00000        6.100000  0.000000000
2  23.23705        6.000904  0.020226197
3  23.45750        5.932498  0.031862683
4  23.66450        5.889615  0.034428283
5  23.86117        5.867087  0.028987906
6  24.05065        5.859747  0.017760120
7  24.23609        5.862427  0.003816218
8  24.42060        5.869960 -0.009155156
9  24.60733        5.877178 -0.017040599
10 24.79942        5.878914 -0.015472763
11 25.00000        5.870000  0.000000000
          X Spline Natural      Error
1  25.00000       5.870000 0.00000000
2  25.21104       5.846360 0.03178058
3  25.42987       5.808286 0.07380752
4  25.65264       5.757160 0.11710404
5  25.87552       5.694365 0.15273834
6  26.09466       5.621285 0.17308389
7  26.30623       5.539302 0.17302603
8  26.50639       5.449799 0.15096471
9  26.69130       5.354159 0.10947376
10 26.85712       5.253765 0.05549787
11 27.00000       5.150000 0.00000000
          X Spline MonoH.FC      Error
1  25.00000        5.870000 0.00000000
2  25.21104        5.846360 0.03178058
3  25.42987        5.808286 0.07380752
4  25.65264        5.757160 0.11710404
5  25.87552        5.694365 0.15273834
6  26.09466        5.621285 0.17308389
7  26.30623        5.539302 0.17302603
8  26.50639        5.449799 0.15096471
9  26.69130        5.354159 0.10947376
10 26.85712        5.253765 0.05549787
11 27.00000        5.150000 0.00000000
          X Spline Natural         Error
1  27.00000       5.150000  0.0000000000
2  27.11749       5.044316 -0.0432837055
3  27.21263       4.938439 -0.0650700699
4  27.28985       4.834165 -0.0655535370
5  27.35356       4.733291 -0.0499796838
6  27.40820       4.637613 -0.0254852972
7  27.45818       4.548925  0.0004638859
8  27.50793       4.469024  0.0208672498
9  27.56186       4.399705  0.0297755104
10 27.62441       4.342765  0.0230913683
11 27.70000       4.300000  0.0000000000
          X Spline MonoH.FC         Error
1  27.00000        5.150000  0.0000000000
2  27.11749        5.044316 -0.0432837055
3  27.21263        4.938439 -0.0650700699
4  27.28985        4.834165 -0.0655535370
5  27.35356        4.733291 -0.0499796838
6  27.40820        4.637613 -0.0254852972
7  27.45818        4.548925  0.0004638859
8  27.50793        4.469024  0.0208672498
9  27.56186        4.399705  0.0297755104
10 27.62441        4.342765  0.0230913683
11 27.70000        4.300000  0.0000000000
          X Spline Natural        Error
1  27.70000       4.300000  0.000000000
2  27.79190       4.272258 -0.034036201
3  27.89880       4.256599 -0.067340449
4  28.01826       4.249138 -0.090519238
5  28.14783       4.245989 -0.098642004
6  28.28504       4.243265 -0.091269479
7  28.42744       4.237079 -0.071812975
8  28.57260       4.223546 -0.046341570
9  28.71804       4.198780 -0.021999658
10 28.86133       4.158893 -0.005228286
11 29.00000       4.100000  0.000000000
          X Spline MonoH.FC        Error
1  27.70000        4.300000  0.000000000
2  27.79190        4.272258 -0.034036201
3  27.89880        4.256599 -0.067340449
4  28.01826        4.249138 -0.090519238
5  28.14783        4.245989 -0.098642004
6  28.28504        4.243265 -0.091269479
7  28.42744        4.237079 -0.071812975
8  28.57260        4.223546 -0.046341570
9  28.71804        4.198780 -0.021999658
10 28.86133        4.158893 -0.005228286
11 29.00000        4.100000  0.000000000
          X Spline Natural         Error
1  29.00000       4.100000  0.000000e+00
2  29.13213       4.019244 -5.665577e-03
3  29.25791       3.917884 -1.662135e-02
4  29.37804       3.798211 -2.809808e-02
5  29.49321       3.662512 -3.701017e-02
6  29.60415       3.513078 -4.161170e-02
7  29.71156       3.352198 -4.120923e-02
8  29.81614       3.182161 -3.592088e-02
9  29.91861       3.005256 -2.647223e-02
10 30.01966       2.823773 -1.402061e-02
11 30.12000       2.640000  4.440892e-16
          X Spline MonoH.FC         Error
1  29.00000        4.100000  0.000000e+00
2  29.13213        4.019244 -5.665577e-03
3  29.25791        3.917884 -1.662135e-02
4  29.37804        3.798211 -2.809808e-02
5  29.49321        3.662512 -3.701017e-02
6  29.60415        3.513078 -4.161170e-02
7  29.71156        3.352198 -4.120923e-02
8  29.81614        3.182161 -3.592088e-02
9  29.91861        3.005256 -2.647223e-02
10 30.01966        2.823773 -1.402061e-02
11 30.12000        2.640000  4.440892e-16
> SplineCubico(xb2,yb2)
          X Spline Natural        Error
1  0.620000       2.500000 0.000000e+00
2  1.357160       2.460605 6.599635e-01
3  2.087705       2.422992 1.260440e+00
4  2.805018       2.388942 1.746614e+00
5  3.502484       2.360236 2.072719e+00
6  4.173487       2.338656 2.205837e+00
7  4.811410       2.325984 2.128853e+00
8  5.409639       2.324001 1.842340e+00
9  5.961558       2.334488 1.365186e+00
10 6.460550       2.359227 7.338238e-01
11 6.900000       2.400000 2.220446e-15
          X Spline MonoH.FC        Error
1  0.620000        2.500000 0.000000e+00
2  1.357160        2.460605 6.599635e-01
3  2.087705        2.422992 1.260440e+00
4  2.805018        2.388942 1.746614e+00
5  3.502484        2.360236 2.072719e+00
6  4.173487        2.338656 2.205837e+00
7  4.811410        2.325984 2.128853e+00
8  5.409639        2.324001 1.842340e+00
9  5.961558        2.334488 1.365186e+00
10 6.460550        2.359227 7.338238e-01
11 6.900000        2.400000 2.220446e-15
          X Spline Natural       Error
1  6.900000       2.400000  0.00000000
2  7.275108       2.457456 -0.65993654
3  7.588337       2.527720 -0.82568197
4  7.843966       2.605784 -0.43729600
5  8.046275       2.686641  0.02883654
6  8.199540       2.765282  0.23276503
7  8.308043       2.836701  0.19670159
8  8.376062       2.895890  0.06122406
9  8.407875       2.937841 -0.04686199
10 8.407761       2.957547 -0.06629799
11 8.380000       2.950000  0.00000000
          X Spline MonoH.FC       Error
1  6.900000        2.400000  0.00000000
2  7.275108        2.457456 -0.65993654
3  7.588337        2.527720 -0.82568197
4  7.843966        2.605784 -0.43729600
5  8.046275        2.686641  0.02883654
6  8.199540        2.765282  0.23276503
7  8.308043        2.836701  0.19670159
8  8.376062        2.895890  0.06122406
9  8.407875        2.937841 -0.04686199
10 8.407761        2.957547 -0.06629799
11 8.380000        2.950000  0.00000000
          X Spline Natural         Error
1  8.380000       2.950000  0.000000e+00
2  8.329047       2.911759  1.071138e-01
3  8.260066       2.845647  1.934804e-01
4  8.178396       2.756051  2.165734e-01
5  8.089378       2.647362  1.675551e-01
6  7.998352       2.523966  6.899693e-02
7  7.910657       2.390253 -3.859926e-02
8  7.831635       2.250611 -1.147761e-01
9  7.766624       2.109430 -1.341867e-01
10 7.720966       1.971096 -9.251025e-02
11 7.700000       1.840000 -2.220446e-16
          X Spline MonoH.FC         Error
1  8.380000        2.950000  0.000000e+00
2  8.329047        2.911759  1.071138e-01
3  8.260066        2.845647  1.934804e-01
4  8.178396        2.756051  2.165734e-01
5  8.089378        2.647362  1.675551e-01
6  7.998352        2.523966  6.899693e-02
7  7.910657        2.390253 -3.859926e-02
8  7.831635        2.250611 -1.147761e-01
9  7.766624        2.109430 -1.341867e-01
10 7.720966        1.971096 -9.251025e-02
11 7.700000        1.840000 -2.220446e-16
          X Spline Natural     Error
1  7.700000       1.840000 0.0000000
2  7.707843       1.719887 0.1340765
3  7.743719       1.611932 0.3128242
4  7.805629       1.516670 0.5523122
5  7.891573       1.434633 0.8638706
6  7.999553       1.366354 1.2297968
7  8.127568       1.312367 1.5792232
8  8.273620       1.273205 1.7679883
9  8.435708       1.249401 1.5685219
10 8.611835       1.241488 0.8826737
11 8.800000       1.250000 0.0000000
          X Spline MonoH.FC     Error
1  7.700000        1.840000 0.0000000
2  7.707843        1.719887 0.1340765
3  7.743719        1.611932 0.3128242
4  7.805629        1.516670 0.5523122
5  7.891573        1.434633 0.8638706
6  7.999553        1.366354 1.2297968
7  8.127568        1.312367 1.5792232
8  8.273620        1.273205 1.7679883
9  8.435708        1.249401 1.5685219
10 8.611835        1.241488 0.8826737
11 8.800000        1.250000 0.0000000
           X Spline Natural      Error
1   8.800000       1.250000  0.0000000
2   8.998000       1.274764 -0.6967665
3   9.202817       1.312784 -1.1205170
4   9.411227       1.360359 -1.2950132
5   9.620008       1.413787 -1.2660590
6   9.825937       1.469368 -1.0929661
7  10.025791       1.523399 -0.8394237
8  10.216347       1.572179 -0.5647440
9  10.394382       1.612007 -0.3164028
10 10.556674       1.639181 -0.1246759
11 10.700000       1.650000  0.0000000
           X Spline MonoH.FC      Error
1   8.800000        1.250000  0.0000000
2   8.998000        1.274764 -0.6967665
3   9.202817        1.312784 -1.1205170
4   9.411227        1.360359 -1.2950132
5   9.620008        1.413787 -1.2660590
6   9.825937        1.469368 -1.0929661
7  10.025791        1.523399 -0.8394237
8  10.216347        1.572179 -0.5647440
9  10.394382        1.612007 -0.3164028
10 10.556674        1.639181 -0.1246759
11 10.700000        1.650000  0.0000000
          X Spline Natural      Error
1  10.70000       1.650000 0.00000000
2  10.82251       1.641968 0.06900896
3  10.92781       1.617412 0.10874868
4  11.02091       1.579865 0.13541109
5  11.10679       1.532859 0.15536101
6  11.19045       1.479926 0.16897840
7  11.27687       1.424599 0.17302603
8  11.37104       1.370410 0.16229801
9  11.47796       1.320893 0.13123604
10 11.60262       1.279578 0.07628523
11 11.75000       1.250000 0.00000000
          X Spline MonoH.FC      Error
1  10.70000        1.650000 0.00000000
2  10.82251        1.641968 0.06900896
3  10.92781        1.617412 0.10874868
4  11.02091        1.579865 0.13541109
5  11.10679        1.532859 0.15536101
6  11.19045        1.479926 0.16897840
7  11.27687        1.424599 0.17302603
8  11.37104        1.370410 0.16229801
9  11.47796        1.320893 0.13123604
10 11.60262        1.279578 0.07628523
11 11.75000        1.250000 0.00000000
          X Spline Natural         Error
1  11.75000       1.250000  0.000000e+00
2  11.92378       1.234733 -8.450284e-02
3  12.12233       1.232526 -1.623110e-01
4  12.34272       1.241171 -2.220541e-01
5  12.58201       1.258458 -2.561365e-01
6  12.83726       1.282179 -2.611668e-01
7  13.10553       1.310126 -2.379858e-01
8  13.38388       1.340090 -1.913207e-01
9  13.66937       1.369863 -1.291096e-01
10 13.95905       1.397236 -6.155753e-02
11 14.25000       1.420000 -6.661338e-16
          X Spline MonoH.FC         Error
1  11.75000        1.250000  0.000000e+00
2  11.92378        1.234733 -8.450284e-02
3  12.12233        1.232526 -1.623110e-01
4  12.34272        1.241171 -2.220541e-01
5  12.58201        1.258458 -2.561365e-01
6  12.83726        1.282179 -2.611668e-01
7  13.10553        1.310126 -2.379858e-01
8  13.38388        1.340090 -1.913207e-01
9  13.66937        1.369863 -1.291096e-01
10 13.95905        1.397236 -6.155753e-02
11 14.25000        1.420000 -6.661338e-16
          X Spline Natural        Error
1  14.25000       1.420000 0.000000e+00
2  14.53979       1.436429 4.644203e-02
3  14.82806       1.446722 7.766736e-02
4  15.11499       1.451562 9.567462e-02
5  15.40075       1.451629 1.023522e-01
6  15.68550       1.447607 9.949308e-02
7  15.96940       1.440176 8.880905e-02
8  16.25264       1.430018 7.194489e-02
9  16.53537       1.417815 5.049199e-02
10 16.81777       1.404248 2.600198e-02
11 17.10000       1.390000 2.220446e-16
          X Spline MonoH.FC        Error
1  14.25000        1.420000 0.000000e+00
2  14.53979        1.436429 4.644203e-02
3  14.82806        1.446722 7.766736e-02
4  15.11499        1.451562 9.567462e-02
5  15.40075        1.451629 1.023522e-01
6  15.68550        1.447607 9.949308e-02
7  15.96940        1.440176 8.880905e-02
8  16.25264        1.430018 7.194489e-02
9  16.53537        1.417815 5.049199e-02
10 16.81777        1.404248 2.600198e-02
11 17.10000        1.390000 2.220446e-16
> SplineCubico(xb2o,yb2o)
          X Spline Natural      Error
1  17.10000       1.390000 0.00000000
2  17.15608       1.334418 0.01138026
3  17.21264       1.279840 0.02185010
4  17.27016       1.227272 0.03053964
5  17.32912       1.177720 0.03666247
6  17.39000       1.132188 0.03956356
7  17.45328       1.091680 0.03877468
8  17.51944       1.057203 0.03408034
9  17.58896       1.029760 0.02559751
10 17.66232       1.010358 0.01387259
11 17.74000       1.000000 0.00000000
          X Spline MonoH.FC      Error
1  17.10000        1.390000 0.00000000
2  17.15608        1.334418 0.01138026
3  17.21264        1.279840 0.02185010
4  17.27016        1.227272 0.03053964
5  17.32912        1.177720 0.03666247
6  17.39000        1.132188 0.03956356
7  17.45328        1.091680 0.03877468
8  17.51944        1.057203 0.03408034
9  17.58896        1.029760 0.02559751
10 17.66232        1.010358 0.01387259
11 17.74000        1.000000 0.00000000
          X Spline Natural       Error
1  17.74000      1.0000000  0.00000000
2  17.82232      0.9993575 -0.01429101
3  17.90896      1.0077600 -0.02712392
4  17.99944      1.0242025 -0.03705639
5  18.09328      1.0476800 -0.04313687
6  18.19000      1.0771875 -0.04488930
7  18.28912      1.1117200 -0.04228049
8  18.39016      1.1502725 -0.03567171
9  18.49264      1.1918400 -0.02575684
10 18.59608      1.2354175 -0.01348920
11 18.70000      1.2800000  0.00000000
          X Spline MonoH.FC       Error
1  17.74000       1.0000000  0.00000000
2  17.82232       0.9993575 -0.01429101
3  17.90896       1.0077600 -0.02712392
4  17.99944       1.0242025 -0.03705639
5  18.09328       1.0476800 -0.04313687
6  18.19000       1.0771875 -0.04488930
7  18.28912       1.1117200 -0.04228049
8  18.39016       1.1502725 -0.03567171
9  18.49264       1.1918400 -0.02575684
10 18.59608       1.2354175 -0.01348920
11 18.70000       1.2800000  0.00000000
> SplineCubico(xb3, yb3)
          X Spline Natural         Error
1  18.70000      1.2800000  0.000000e+00
2  19.24814      1.2311341 -1.934990e-02
3  19.79032      1.1829268 -3.667577e-02
4  20.32062      1.1360366 -5.016396e-02
5  20.83307      1.0911220 -5.840549e-02
6  21.32173      1.0488415 -6.055894e-02
7  21.78065      1.0098537 -5.646800e-02
8  22.20388      0.9748171 -4.672178e-02
9  22.58549      0.9443902 -3.264902e-02
10 22.91951      0.9192317 -1.624072e-02
11 23.20000      0.9000000  1.110223e-16
          X Spline MonoH.FC         Error
1  18.70000       1.2800000  0.000000e+00
2  19.24814       1.2311341 -1.934990e-02
3  19.79032       1.1829268 -3.667577e-02
4  20.32062       1.1360366 -5.016396e-02
5  20.83307       1.0911220 -5.840549e-02
6  21.32173       1.0488415 -6.055894e-02
7  21.78065       1.0098537 -5.646800e-02
8  22.20388       0.9748171 -4.672178e-02
9  22.58549       0.9443902 -3.264902e-02
10 22.91951       0.9192317 -1.624072e-02
11 23.20000       0.9000000  1.110223e-16
          X Spline Natural        Error
1  23.20000      0.9000000 1.110223e-16
2  23.42346      0.8870751 1.328944e-02
3  23.59619      0.8797229 2.176491e-02
4  23.72691      0.8769307 2.539665e-02
5  23.82438      0.8776859 2.504890e-02
6  23.89732      0.8809756 2.185263e-02
7  23.95447      0.8857873 1.694738e-02
8  24.00458      0.8911083 1.140073e-02
9  24.05638      0.8959259 6.188755e-03
10 24.11860      0.8992273 2.169119e-03
11 24.20000      0.9000000 0.000000e+00
          X Spline MonoH.FC        Error
1  23.20000       0.9000000 1.110223e-16
2  23.42346       0.8870751 1.328944e-02
3  23.59619       0.8797229 2.176491e-02
4  23.72691       0.8769307 2.539665e-02
5  23.82438       0.8776859 2.504890e-02
6  23.89732       0.8809756 2.185263e-02
7  23.95447       0.8857873 1.694738e-02
8  24.00458       0.8911083 1.140073e-02
9  24.05638       0.8959259 6.188755e-03
10 24.11860       0.8992273 2.169119e-03
11 24.20000       0.9000000 0.000000e+00
          X Spline Natural         Error
1  24.20000      0.9000000  0.000000e+00
2  24.30731      0.8977854 -4.290553e-04
3  24.43932      0.8943415 -9.263065e-04
4  24.59283      0.8919805 -2.978697e-03
5  24.76463      0.8930146 -7.065508e-03
6  24.95151      0.8997561 -1.262107e-02
7  25.15027      0.9145171 -1.817475e-02
8  25.35770      0.9396098 -2.165747e-02
9  25.57061      0.9773463 -2.084713e-02
10 25.78577      1.0300390 -1.391185e-02
11 26.00000      1.1000000 -1.554312e-15
          X Spline MonoH.FC         Error
1  24.20000       0.9000000  0.000000e+00
2  24.30731       0.8977854 -4.290553e-04
3  24.43932       0.8943415 -9.263065e-04
4  24.59283       0.8919805 -2.978697e-03
5  24.76463       0.8930146 -7.065508e-03
6  24.95151       0.8997561 -1.262107e-02
7  25.15027       0.9145171 -1.817475e-02
8  25.35770       0.9396098 -2.165747e-02
9  25.57061       0.9773463 -2.084713e-02
10 25.78577       1.0300390 -1.391185e-02
11 26.00000       1.1000000 -1.554312e-15
          X Spline Natural      Error
1  26.00000       1.100000 0.00000000
2  26.21047       1.188483 0.01972755
3  26.41596       1.292511 0.04119682
4  26.61563       1.408047 0.06032534
5  26.80864       1.531056 0.07389181
6  26.99415       1.657500 0.07970633
7  27.17134       1.783344 0.07673718
8  27.33935       1.904553 0.06519073
9  27.49736       2.017089 0.04654164
10 27.64452       2.116917 0.02351210
11 27.78000       2.200000 0.00000000
          X Spline MonoH.FC      Error
1  26.00000        1.100000 0.00000000
2  26.21047        1.188483 0.01972755
3  26.41596        1.292511 0.04119682
4  26.61563        1.408047 0.06032534
5  26.80864        1.531056 0.07389181
6  26.99415        1.657500 0.07970633
7  27.17134        1.783344 0.07673718
8  27.33935        1.904553 0.06519073
9  27.49736        2.017089 0.04654164
10 27.64452        2.116917 0.02351210
11 27.78000        2.200000 0.00000000
          X Spline Natural         Error
1  27.78000       2.200000  0.000000e+00
2  27.90322       2.263301 -2.005442e-02
3  28.01459       2.307774 -3.595351e-02
4  28.11479       2.335370 -4.758369e-02
5  28.20449       2.348043 -5.466399e-02
6  28.28437       2.347744 -5.692660e-02
7  28.35510       2.336425 -5.424275e-02
8  28.41736       2.316040 -4.670459e-02
9  28.47181       2.288539 -3.467198e-02
10 28.51913       2.255875 -1.879232e-02
11 28.56000       2.220000 -1.332268e-15
          X Spline MonoH.FC         Error
1  27.78000        2.200000  0.000000e+00
2  27.90322        2.263301 -2.005442e-02
3  28.01459        2.307774 -3.595351e-02
4  28.11479        2.335370 -4.758369e-02
5  28.20449        2.348043 -5.466399e-02
6  28.28437        2.347744 -5.692660e-02
7  28.35510        2.336425 -5.424275e-02
8  28.41736        2.316040 -4.670459e-02
9  28.47181        2.288539 -3.467198e-02
10 28.51913        2.255875 -1.879232e-02
11 28.56000        2.220000 -1.332268e-15
          X Spline Natural         Error
1  28.56000       2.220000  0.000000e+00
2  28.59528       2.182773  2.056781e-02
3  28.62665       2.145674  4.163539e-02
4  28.65596       2.110092  6.145867e-02
5  28.68507       2.077413  7.797008e-02
6  28.71585       2.049024  8.895900e-02
7  28.75017       2.026314  9.222506e-02
8  28.78988       2.010669  8.577482e-02
9  28.83684       2.003477  6.814674e-02
10 28.89293       2.006125  3.898122e-02
11 28.96000       2.020000 -8.881784e-16
          X Spline MonoH.FC         Error
1  28.56000        2.220000  0.000000e+00
2  28.59528        2.182773  2.056781e-02
3  28.62665        2.145674  4.163539e-02
4  28.65596        2.110092  6.145867e-02
5  28.68507        2.077413  7.797008e-02
6  28.71585        2.049024  8.895900e-02
7  28.75017        2.026314  9.222506e-02
8  28.78988        2.010669  8.577482e-02
9  28.83684        2.003477  6.814674e-02
10 28.89293        2.006125  3.898122e-02
11 28.96000        2.020000 -8.881784e-16
          X Spline Natural       Error
1  28.96000       2.020000  0.00000000
2  29.03939       2.046048 -0.04379875
3  29.13034       2.083450 -0.08586651
4  29.23157       2.130943 -0.12053223
5  29.34179       2.187266 -0.14350623
6  29.45972       2.251159 -0.15211586
7  29.58407       2.321358 -0.14539804
8  29.71355       2.396603 -0.12405480
9  29.84689       2.475633 -0.09028430
10 29.98280       2.557186 -0.04750563
11 30.12000       2.640000  0.00000000
          X Spline MonoH.FC       Error
1  28.96000        2.020000  0.00000000
2  29.03939        2.046048 -0.04379875
3  29.13034        2.083450 -0.08586651
4  29.23157        2.130943 -0.12053223
5  29.34179        2.187266 -0.14350623
6  29.45972        2.251159 -0.15211586
7  29.58407        2.321358 -0.14539804
8  29.71355        2.396603 -0.12405480
9  29.84689        2.475633 -0.09028430
10 29.98280        2.557186 -0.04750563
11 30.12000        2.640000  0.00000000